X
144810.08
723907
35 87 704.86
35 73 836.62
35 79 2683.86
35 47 7642.89
35 95 1868.33
38 9 1023.41
38 50 3878.95
38 47 2113.51
38 73 9394.67
38 95 9857.44
73 79 1577.20
73 47 238.09
73 95 3128.26
79 9 1179.27
79 87 728.50
79 47 2877.86
50 87 5276.52
50 95 3653.16
51 47 9206.28
9 87 877.74
9 95 8442.30
a
148042.25
793894
81 43 4859.08
81 12 1899.59
81 79 461.65
81 17 2774.13
81 88 2558.25
81 93 3758.09
43 88 9712.09
43 17 7461.52
43 93 5741.16
43 79 5959.50
79 17 3.29
17 93 9997.97
88 93 1301.57
m
98526.33
325196
1 26 9680.78
1 19 948.70
1 21 4886.75
1 29 331.87
1 95 503.08
19 26 7694.28
19 21 1427.73
19 29 903.36
19 95 4566.04
21 26 5208.20
21 29 909.79
21 95 3740.62
26 29 4502.38
26 95 8682.21
29 95 4814.78
N
76917.75
907392
0 17 364.51
0 83 8365.59
0 85 358.80
0 78 946.46
0 61 972.05
78 17 9094.99
78 83 2348.49
78 85 1125.69
78 61 8770.68
17 83 3204.55
17 85 9829.11
17 61 4665.13
83 85 168.47
83 61 5116.97
85 61 3207.07
R
27734.60
518866
32 33 3641.20
32 37 2043.90
32 1 7531.97
32 10 3007.77
32 53 2226.55
32 89 5661.65
33 1 8058.97
33 66 5969.17
33 37 73.97
33 49 2641.95
33 53 3342.52
33 89 7872.02
66 10 5767.28
66 53 4577.75
66 89 5643.28
37 10 7074.57
37 89 3105.09
1 10 3801.26
1 11 6785.33
1 53 3808.09
10 11 5019.53
10 49 6884.67
10 53 6310.47
11 49 4375.11
11 53 5717.64
11 89 9634.01
49 53 6352.06
49 89 3198.56
53 89 1099.52
Z
81709.49
241504
67 4 8699.17
67 38 8423.94
67 24 5784.41
67 89 7838.45
67 61 8258.85
67 30 1770.32
67 95 1237.46
4 38 165.01
4 39 5920.69
4 24 5752.52
4 89 9979.69
4 29 3494.58
4 30 7886.18
38 39 9969.94
38 61 9506.35
38 24 7039.72
38 89 6229.83
38 29 8326.08
38 30 7037.22
38 95 3046.17
39 24 5820.27
39 61 310.51
39 95 8257.61
61 29 3728.77
61 30 8979.68
61 95 3668.10
24 89 6372.62
24 29 8280.99
24 95 4085.26
89 29 2849.49
89 30 7791.48
89 95 8363.95
29 95 8773.42
30 95 7890.10
w
147207.12
791384
65 2 4307.55
65 68 4357.59
2 90 8884.71
2 37 2028.79
2 30 3421.11
2 17 5688.54
68 8 277.08
68 37 6779.97
68 30 1045.42
68 17 9602.97
17 90 3460.12
17 29 9933.29
90 29 5684.64
90 30 457.90
P
236336.93
844123
67 4 6254.69
67 63 1731.12
4 63 1748.65
y
26495.38
8560
74 99 772.06
74 71 1734.33
99 71 5861.81
d
70690.03
603105
33 17 4830.75
33 99 6176.82
33 61 3702.86
33 86 1529.50
33 89 2770.01
99 17 2286.95
99 61 2455.24
99 86 802.13
99 57 4823.87
6 17 1258.38
6 83 5357.73
6 61 3502.07
6 86 9092.25
6 89 2621.51
17 56 8390.78
17 57 8626.42
17 61 407.55
83 86 573.64
83 89 9385.83
83 56 8461.49
83 57 1591.98
83 61 9022.34
86 57 9820.29
86 56 8383.55
86 89 1861.80
86 61 3020.01
89 56 295.50
89 61 5348.77
56 57 6778.66
L
14832.81
130816
98 2 1855.33
98 54 3656.00
98 45 1727.96
98 46 9771.98
98 52 4982.46
98 86 2788.49
54 2 4679.54
54 46 6418.97
54 45 8240.31
54 52 6431.30
54 86 2797.80
2 45 9585.60
2 46 2376.53
2 52 8057.06
2 86 9870.81
46 45 3464.49
46 52 353.90
46 86 8805.95
45 52 1133.89
45 86 6482.34
52 86 9143.77
A
18277.07
968390
0 1 4422.65
0 11 4306.06
0 14 3508.04
0 79 2883.62
0 57 2699.16
0 91 2451.21
0 63 259.36
1 11 2905.62
1 14 9334.84
1 79 1589.15
1 57 2890.55
1 91 2332.12
1 63 8595.19
11 14 5254.80
11 79 869.27
11 57 5024.53
11 91 7008.94
11 63 8829.13
14 79 1645.70
14 57 5074.92
14 91 7333.81
14 63 7336.57
79 57 158.95
79 91 9897.17
79 63 2754.85
57 91 9365.35
57 63 1194.53
91 63 9681.77